%YAML:1.0
---
cameraMatrix: !!opencv-matrix
   rows: 3
   cols: 3
   dt: d
   data: [ 647.95432772890911, 0., 343.77646403616251, 0.,
       646.43874137891612, 225.13902951452599, 0., 0., 1. ]
distCoeffs: !!opencv-matrix
   rows: 1
   cols: 5
   dt: d
   data: [ -0.3850376109649119, 0.36576839007318751,
       0.0020015675742046809, 0.00046944032200103543,
       -0.28568754831168292 ]
rotationVectors:
   - !!opencv-matrix
      rows: 3
      cols: 1
      dt: d
      data: [ -0.089631802200030419, 0.15843463775467148,
          -0.018295756284564778 ]
   - !!opencv-matrix
      rows: 3
      cols: 1
      dt: d
      data: [ -0.11481640236383651, 0.021543598146849412,
          -0.0016900905489113088 ]
   - !!opencv-matrix
      rows: 3
      cols: 1
      dt: d
      data: [ -0.3095995339837001, -0.062997384974618958,
          0.066584092708728074 ]
   - !!opencv-matrix
      rows: 3
      cols: 1
      dt: d
      data: [ -0.05790922639347959, -0.00038793174950368725,
          0.0023273041206692316 ]
   - !!opencv-matrix
      rows: 3
      cols: 1
      dt: d
      data: [ -0.036326536696093495, 0.053797153072848838,
          -0.018106649649082249 ]
   - !!opencv-matrix
      rows: 3
      cols: 1
      dt: d
      data: [ -0.094870940130920373, 0.13948621800474828,
          0.0039129681644092 ]
   - !!opencv-matrix
      rows: 3
      cols: 1
      dt: d
      data: [ -0.062148761647153231, -0.0032575441748010502,
          -0.0025505884324747625 ]
   - !!opencv-matrix
      rows: 3
      cols: 1
      dt: d
      data: [ -0.42598747876244059, 0.40380667428505274,
          0.97953859814155786 ]
   - !!opencv-matrix
      rows: 3
      cols: 1
      dt: d
      data: [ -0.34725148861098154, -0.42171617867877048,
          -0.010388553346333833 ]
   - !!opencv-matrix
      rows: 3
      cols: 1
      dt: d
      data: [ -0.28547086802655941, -0.17974030662263088,
          0.68176909597870294 ]
   - !!opencv-matrix
      rows: 3
      cols: 1
      dt: d
      data: [ -0.044105509404343345, 0.081729680844418423,
          -0.036455616168997743 ]
   - !!opencv-matrix
      rows: 3
      cols: 1
      dt: d
      data: [ -0.076672560405104714, 0.0085399999100786318,
          0.078547098172800436 ]
   - !!opencv-matrix
      rows: 3
      cols: 1
      dt: d
      data: [ -0.14246934816723342, -0.02727333178800382,
          -0.030970640733154545 ]
   - !!opencv-matrix
      rows: 3
      cols: 1
      dt: d
      data: [ -0.11657028403186759, -0.2361275036204826,
          0.11677478317356592 ]
   - !!opencv-matrix
      rows: 3
      cols: 1
      dt: d
      data: [ -0.11982298057755167, -0.4209997813232878,
          0.068828994582550151 ]
   - !!opencv-matrix
      rows: 3
      cols: 1
      dt: d
      data: [ -0.0020537127265984052, -0.11728026075553326,
          0.023850383797173278 ]
   - !!opencv-matrix
      rows: 3
      cols: 1
      dt: d
      data: [ -0.059884554717189994, 0.0093437491294381392,
          -0.02497498989025855 ]
   - !!opencv-matrix
      rows: 3
      cols: 1
      dt: d
      data: [ -0.07867531634214367, -0.049023278710120521,
          0.069276578092271959 ]
   - !!opencv-matrix
      rows: 3
      cols: 1
      dt: d
      data: [ -0.40910932893656554, 0.075463689552251578,
          0.082890146237014795 ]
   - !!opencv-matrix
      rows: 3
      cols: 1
      dt: d
      data: [ -0.023359431664775346, 0.095465346633729228,
          -0.045328905935426267 ]
   - !!opencv-matrix
      rows: 3
      cols: 1
      dt: d
      data: [ -0.046204138297047496, 0.2428917060067376,
          -0.040352516247582147 ]
   - !!opencv-matrix
      rows: 3
      cols: 1
      dt: d
      data: [ -0.12201149130922558, -0.22412744405238036,
          0.093256959995121472 ]
   - !!opencv-matrix
      rows: 3
      cols: 1
      dt: d
      data: [ -0.028251030512990306, 0.014616213372719431,
          -0.026177193000697315 ]
   - !!opencv-matrix
      rows: 3
      cols: 1
      dt: d
      data: [ -0.12742456314235653, 0.018154464209188821,
          0.66282071421675903 ]
   - !!opencv-matrix
      rows: 3
      cols: 1
      dt: d
      data: [ -0.068179922762039769, 0.15727640326962919,
          0.59863938404510331 ]
   - !!opencv-matrix
      rows: 3
      cols: 1
      dt: d
      data: [ -0.10823593704786752, -0.065132115330229598,
          0.059491203118543078 ]
   - !!opencv-matrix
      rows: 3
      cols: 1
      dt: d
      data: [ -0.34590827557091569, -0.40940369720652281,
          -0.029607689367905636 ]
   - !!opencv-matrix
      rows: 3
      cols: 1
      dt: d
      data: [ -0.073097024452380366, -0.0075432937803302574,
          -0.083384713286540388 ]
   - !!opencv-matrix
      rows: 3
      cols: 1
      dt: d
      data: [ -0.13632353816430748, -0.21516121683614259,
          0.080766884593086077 ]
   - !!opencv-matrix
      rows: 3
      cols: 1
      dt: d
      data: [ -0.06375760991691666, 0.26217894119099033,
          0.65354048220716288 ]
   - !!opencv-matrix
      rows: 3
      cols: 1
      dt: d
      data: [ -0.014324900884628126, 0.0031992158431041018,
          -0.036090313073615717 ]
   - !!opencv-matrix
      rows: 3
      cols: 1
      dt: d
      data: [ -0.060909706607088637, -0.023150212435702394,
          0.06671874823392332 ]
   - !!opencv-matrix
      rows: 3
      cols: 1
      dt: d
      data: [ -0.42001369704740182, -0.22297898493451163,
          0.13207376195919804 ]
   - !!opencv-matrix
      rows: 3
      cols: 1
      dt: d
      data: [ -0.44543375878752023, 0.33048999391101358,
          1.050544387717816 ]
   - !!opencv-matrix
      rows: 3
      cols: 1
      dt: d
      data: [ -0.067135828740805967, 0.274354432398003,
          0.67052741360656998 ]
   - !!opencv-matrix
      rows: 3
      cols: 1
      dt: d
      data: [ -0.069270280671079681, -0.10160159927087688,
          0.051657642780215646 ]
   - !!opencv-matrix
      rows: 3
      cols: 1
      dt: d
      data: [ -0.14378906185966145, -0.019711259706913589,
          -0.0505421372762834 ]
   - !!opencv-matrix
      rows: 3
      cols: 1
      dt: d
      data: [ -0.05102531774926005, 0.051712658904289832,
          -0.018560867426879703 ]
   - !!opencv-matrix
      rows: 3
      cols: 1
      dt: d
      data: [ -0.13961726076837999, 0.37746829958089295,
          0.65590428324233108 ]
   - !!opencv-matrix
      rows: 3
      cols: 1
      dt: d
      data: [ -0.44154410468281019, -0.062520650407981979,
          -0.054155027099620938 ]
   - !!opencv-matrix
      rows: 3
      cols: 1
      dt: d
      data: [ -0.070272025150252215, 0.2947227275165204,
          0.007161753340881166 ]
   - !!opencv-matrix
      rows: 3
      cols: 1
      dt: d
      data: [ 0.57935962273126296, -0.036537417513867153,
          0.041291312480653111 ]
   - !!opencv-matrix
      rows: 3
      cols: 1
      dt: d
      data: [ -0.14045141271508049, 0.29066119141197461,
          0.66732003849936394 ]
   - !!opencv-matrix
      rows: 3
      cols: 1
      dt: d
      data: [ -0.078785168521124022, -0.026699191217998394,
          0.072836546589904627 ]
   - !!opencv-matrix
      rows: 3
      cols: 1
      dt: d
      data: [ -0.086584949268251443, 0.22907257620790097,
          -0.017702604375822502 ]
   - !!opencv-matrix
      rows: 3
      cols: 1
      dt: d
      data: [ -0.29863895749051222, 0.00037435133915073482,
          0.068212459216984378 ]
   - !!opencv-matrix
      rows: 3
      cols: 1
      dt: d
      data: [ -0.030644198176103244, 0.032362223288383701,
          -0.017448935798312512 ]
   - !!opencv-matrix
      rows: 3
      cols: 1
      dt: d
      data: [ -0.075133955728444918, 0.30018991378278598,
          0.67456662995033201 ]
   - !!opencv-matrix
      rows: 3
      cols: 1
      dt: d
      data: [ -0.055300769695951907, -0.023829728731916005,
          -0.10697222035049372 ]
   - !!opencv-matrix
      rows: 3
      cols: 1
      dt: d
      data: [ -0.05675820416330956, 0.022824966288750106,
