%YAML:1.0
---
cameraMatrix: !!opencv-matrix
   rows: 3
   cols: 3
   dt: d
   data: [ 672.27276522385, 0., 318.3057530490571, 0.,
       672.78803902972913, 240.40699773762535, 0., 0., 1. ]
distCoeffs: !!opencv-matrix
   rows: 1
   cols: 5
   dt: d
   data: [ -0.37594172532217734, 0.44193368906484232,
       7.9635873441317325e-05, 0.002091191328520558,
       -0.59127632633167926 ]
rotationVectors:
   - !!opencv-matrix
      rows: 3
      cols: 1
      dt: d
      data: [ -0.38912183214500973, -0.28649859629465274,
          -1.4612437127907956 ]
   - !!opencv-matrix
      rows: 3
      cols: 1
      dt: d
      data: [ -0.027809533880761923, 0.050704999452125553,
          -1.299479656368367 ]
   - !!opencv-matrix
      rows: 3
      cols: 1
      dt: d
      data: [ -0.22089085521156515, -0.037718559980111213,
          -1.5886512049949963 ]
   - !!opencv-matrix
      rows: 3
      cols: 1
      dt: d
      data: [ 0.025175954758869717, 0.0084423502919384764,
          -1.5332295858538829 ]
   - !!opencv-matrix
      rows: 3
      cols: 1
      dt: d
      data: [ -0.36172961313381108, -0.4734197859860424,
          -1.45511281596444 ]
   - !!opencv-matrix
      rows: 3
      cols: 1
      dt: d
      data: [ -0.47816991747744614, -0.13714369126675219,
          -1.4336786561560544 ]
   - !!opencv-matrix
      rows: 3
      cols: 1
      dt: d
      data: [ -0.30665063500857936, -0.47555166066177784,
          -1.5395292747686495 ]
   - !!opencv-matrix
      rows: 3
      cols: 1
      dt: d
      data: [ 0.48062297221142314, 0.035989185947316329,
          -1.1601975726101692 ]
   - !!opencv-matrix
      rows: 3
      cols: 1
      dt: d
      data: [ -0.070218638418524548, -0.18345697614169945,
          -1.6019384389370295 ]
   - !!opencv-matrix
      rows: 3
      cols: 1
      dt: d
      data: [ 0.28766451136845295, 0.21742533470488437,
          -1.4315604685479166 ]
   - !!opencv-matrix
      rows: 3
      cols: 1
      dt: d
      data: [ 0.54281011313359784, -0.54177155585368042,
          1.3929350791517112 ]
   - !!opencv-matrix
      rows: 3
      cols: 1
      dt: d
      data: [ 0.40573036787735534, 0.10887620721455142,
          -1.5020672983010441 ]
   - !!opencv-matrix
      rows: 3
      cols: 1
      dt: d
      data: [ 0.0081594316966057626, 0.2114771494444006,
          1.5402640595718347 ]
   - !!opencv-matrix
      rows: 3
      cols: 1
      dt: d
      data: [ -0.016978215330036236, -0.071530952647625642,
          -1.6289200510222623 ]
   - !!opencv-matrix
      rows: 3
      cols: 1
      dt: d
      data: [ 0.035165553794103431, -0.087739341629847964,
          -1.5451863757876163 ]
   - !!opencv-matrix
      rows: 3
      cols: 1
      dt: d
      data: [ 0.063563933019420482, 0.56710355285772229,
          -1.6862081941210931 ]
   - !!opencv-matrix
      rows: 3
      cols: 1
      dt: d
      data: [ -0.014975962415407973, 0.04679735600202415,
          -1.2749670511146025 ]
   - !!opencv-matrix
      rows: 3
      cols: 1
      dt: d
      data: [ -0.018006227631222806, -0.031169301036797537,
          -1.5825076110758056 ]
   - !!opencv-matrix
      rows: 3
      cols: 1
      dt: d
      data: [ -0.03673498098718906, 0.73904517980677487,
          1.6163606784972866 ]
   - !!opencv-matrix
      rows: 3
      cols: 1
      dt: d
      data: [ -0.12769373310559665, -0.026969111037479968,
          -1.6039297964102344 ]
   - !!opencv-matrix
      rows: 3
      cols: 1
      dt: d
      data: [ -0.33313577809746481, 0.50516726047892491,
          1.5655548639069685 ]
   - !!opencv-matrix
      rows: 3
      cols: 1
      dt: d
      data: [ 0.090860851239200083, -0.0066292939269866373,
          -1.2981523692077643 ]
   - !!opencv-matrix
      rows: 3
      cols: 1
      dt: d
      data: [ 0.026347424778559191, 0.033307135907376925,
          -1.5729959626184056 ]
   - !!opencv-matrix
      rows: 3
      cols: 1
      dt: d
      data: [ -0.031175834103586073, 0.050986755619381742,
          -1.5217819803409414 ]
   - !!opencv-matrix
      rows: 3
      cols: 1
      dt: d
      data: [ 0.042176690251813406, -0.0372962051945167,
          -1.6100325936598605 ]
   - !!opencv-matrix
      rows: 3
      cols: 1
      dt: d
      data: [ 0.047033882616009708, -0.038161736683881328,
          -1.5437794668513063 ]
   - !!opencv-matrix
      rows: 3
      cols: 1
      dt: d
      data: [ -0.064095269038924776, 0.046253939172612134,
          -1.5230394609069193 ]
   - !!opencv-matrix
      rows: 3
      cols: 1
      dt: d
      data: [ 0.086720429195006499, -0.12192985001007556,
          -1.5798535048769833 ]
   - !!opencv-matrix
      rows: 3
      cols: 1
      dt: d
      data: [ 0.18172237615049611, 0.39200236722255088,
          1.4753239090181676 ]
   - !!opencv-matrix
      rows: 3
      cols: 1
      dt: d
      data: [ 0.22834111132185669, 0.31278574794944519,
          -1.4662021617324361 ]
   - !!opencv-matrix
      rows: 3
      cols: 1
      dt: d
      data: [ -0.34632577394986114, 0.43817522095313738,
          1.6552286664913931 ]
   - !!opencv-matrix
      rows: 3
      cols: 1
      dt: d
      data: [ 0.52041928255205605, 0.47838158478274667,
          -1.5171746024293498 ]
   - !!opencv-matrix
      rows: 3
      cols: 1
      dt: d
      data: [ 0.25939417672620646, 0.41547316310054988,
          -1.6814150746808181 ]
   - !!opencv-matrix
      rows: 3
      cols: 1
      dt: d
      data: [ 0.099188322716369487, -0.36785643971914217,
          -1.2136035996623675 ]
   - !!opencv-matrix
      rows: 3
      cols: 1
      dt: d
      data: [ -0.07893525958174287, 0.57084203115872445,
          -1.5085873883734933 ]
   - !!opencv-matrix
      rows: 3
      cols: 1
      dt: d
      data: [ -0.13302547385572178, 0.46564947197803264,
          -1.6117510824447414 ]
   - !!opencv-matrix
      rows: 3
      cols: 1
      dt: d
      data: [ 0.18574248955762071, 0.39862159378695555,
          -1.5039009850257514 ]
   - !!opencv-matrix
      rows: 3
      cols: 1
      dt: d
      data: [ 0.28251361233851197, -0.16487077188895585,
          1.5311926593944925 ]
   - !!opencv-matrix
      rows: 3
      cols: 1
      dt: d
      data: [ 0.056412957151356517, 0.27268899520922074,
          1.5132551598796105 ]
   - !!opencv-matrix
      rows: 3
      cols: 1
      dt: d
      data: [ 0.07544356149044143, 0.22263291193855028,
          -1.5438624630614235 ]
   - !!opencv-matrix
      rows: 3
      cols: 1
      dt: d
      data: [ 0.28986831816755732, 0.5641748206074223,
          -1.336155369842865 ]
   - !!opencv-matrix
      rows: 3
      cols: 1
      dt: d
      data: [ 0.078235167333947406, 0.017242882129046799,
          -1.5650694150714426 ]
   - !!opencv-matrix
      rows: 3
      cols: 1
      dt: d
      data: [ -0.41053879642637148, -0.40961656349737702,
          -1.5308028945965089 ]
   - !!opencv-matrix
      rows: 3
      cols: 1
      dt: d
      data: [ 0.092314012929745656, 0.017023084870609002,
          -1.5336878354529946 ]
   - !!opencv-matrix
      rows: 3
      cols: 1
      dt: d
      data: [ 0.66152369789673993, 0.29167649844429966,
          -1.4555386054213157 ]
   - !!opencv-matrix
      rows: 3
      cols: 1
      dt: d
      data: [ 0.20215562477993818, -0.19102931349458474,
          -1.5896389922239682 ]
