%YAML:1.0
---
cameraMatrix: !!opencv-matrix
   rows: 3
   cols: 3
   dt: d
   data: [ 667.92133844257717, 0., 332.71115313019209, 0.,
       668.42495361674867, 233.13957338886226, 0., 0., 1. ]
distCoeffs: !!opencv-matrix
   rows: 1
   cols: 5
   dt: d
   data: [ -0.36989786775291178, 0.32278766591756131,
       0.0011658302273781264, 0.0041940745031854212,
       -0.28748505813948416 ]
rotationVectors:
   - !!opencv-matrix
      rows: 3
      cols: 1
      dt: d
      data: [ -0.47727285681306819, -0.14386003977058709,
          -1.433703953530451 ]
   - !!opencv-matrix
      rows: 3
      cols: 1
      dt: d
      data: [ -0.40207572457221363, -0.26585800969735107,
          -1.4559320045992636 ]
   - !!opencv-matrix
      rows: 3
      cols: 1
      dt: d
      data: [ 0.2568082066815256, 0.41476700922022341,
          -1.6789083846711503 ]
   - !!opencv-matrix
      rows: 3
      cols: 1
      dt: d
      data: [ 0.053201832763257198, 0.56392721146172253,
          -1.6883030095445775 ]
   - !!opencv-matrix
      rows: 3
      cols: 1
      dt: d
      data: [ 0.026582743562147338, 0.20511269163761459,
          1.5290507146619339 ]
   - !!opencv-matrix
      rows: 3
      cols: 1
      dt: d
      data: [ -0.38268380618736797, -0.4551602779381454,
          -1.510933745325044 ]
   - !!opencv-matrix
      rows: 3
      cols: 1
      dt: d
      data: [ -0.1223705771224648, -0.030099891552488951,
          -1.6018047518291316 ]
   - !!opencv-matrix
      rows: 3
      cols: 1
      dt: d
      data: [ -0.33062260561931234, 0.44308846559399095,
          1.6434855473101255 ]
   - !!opencv-matrix
      rows: 3
      cols: 1
      dt: d
      data: [ -0.020199641750766308, -0.049805118857743767,
          -1.5916304729058164 ]
   - !!opencv-matrix
      rows: 3
      cols: 1
      dt: d
      data: [ 0.28894542776775162, 0.55662947016020958,
          -1.3407568668508552 ]
   - !!opencv-matrix
      rows: 3
      cols: 1
      dt: d
      data: [ 0.47733100227028857, 0.039861869537180267,
          -1.1599263694705826 ]
   - !!opencv-matrix
      rows: 3
      cols: 1
      dt: d
      data: [ 0.089775907470026575, 0.0082739007224109928,
          -1.5339574534548461 ]
   - !!opencv-matrix
      rows: 3
      cols: 1
      dt: d
      data: [ -0.014808173458197418, -0.083036698945036735,
          -1.6409583267878358 ]
   - !!opencv-matrix
      rows: 3
      cols: 1
      dt: d
      data: [ -0.08128856231074566, 0.56950696453411054,
          -1.5161539571891349 ]
   - !!opencv-matrix
      rows: 3
      cols: 1
      dt: d
      data: [ -0.20645497781901503, -0.042927137915320018,
          -1.5868343736041548 ]
   - !!opencv-matrix
      rows: 3
      cols: 1
      dt: d
      data: [ 0.50915750019710948, 0.4808685069496243,
          -1.5190914246728815 ]
   - !!opencv-matrix
      rows: 3
      cols: 1
      dt: d
      data: [ 0.093151926420565717, 0.0018507205550006682,
          -1.2995828456581562 ]
   - !!opencv-matrix
      rows: 3
      cols: 1
      dt: d
      data: [ 0.0072621999130287824, -0.00088571506450737375,
          -1.522939563201926 ]
   - !!opencv-matrix
      rows: 3
      cols: 1
      dt: d
      data: [ 0.033603586927919968, -0.3915073278840453,
          -1.2076123672371357 ]
   - !!opencv-matrix
      rows: 3
      cols: 1
      dt: d
      data: [ 0.23263292127076471, 0.34663651576107968,
          -1.4666151141451902 ]
   - !!opencv-matrix
      rows: 3
      cols: 1
      dt: d
      data: [ -0.14147421027124127, 0.45653078880518638,
          -1.6130260586511749 ]
   - !!opencv-matrix
      rows: 3
      cols: 1
      dt: d
      data: [ -0.020387547992827822, 0.052726177150543424,
          -1.5177309233665113 ]
   - !!opencv-matrix
      rows: 3
      cols: 1
      dt: d
      data: [ 0.40801896051437753, 0.095873623251792051,
          -1.4903817573049134 ]
   - !!opencv-matrix
      rows: 3
      cols: 1
      dt: d
      data: [ 0.54901033580010095, -0.57961790092392751,
          1.3890895636703586 ]
   - !!opencv-matrix
      rows: 3
      cols: 1
      dt: d
      data: [ -0.30728099371170714, -0.47752512148378923,
          -1.5371161005011675 ]
   - !!opencv-matrix
      rows: 3
      cols: 1
      dt: d
      data: [ 0.16854928585868972, 0.35370259681227528,
          1.4844628777130124 ]
   - !!opencv-matrix
      rows: 3
      cols: 1
      dt: d
      data: [ -0.026632864302714328, 0.045737300301639722,
          -1.2939949073748707 ]
   - !!opencv-matrix
      rows: 3
      cols: 1
      dt: d
      data: [ -0.065835905381029972, -0.18579619731008681,
          -1.5996289748096972 ]
   - !!opencv-matrix
      rows: 3
      cols: 1
      dt: d
      data: [ 0.27393844755152807, 0.22802605860847344,
          -1.4367521086405495 ]
   - !!opencv-matrix
      rows: 3
      cols: 1
      dt: d
      data: [ 0.084766195625322227, -0.15071040228485094,
          -1.5805465045894898 ]
   - !!opencv-matrix
      rows: 3
      cols: 1
      dt: d
      data: [ -0.057447047460288191, 0.031758567699930136,
          -1.5186804101262736 ]
   - !!opencv-matrix
      rows: 3
      cols: 1
      dt: d
      data: [ -0.017383279465268416, 0.040099881397914011,
          -1.2663485504591558 ]
   - !!opencv-matrix
      rows: 3
      cols: 1
      dt: d
      data: [ 0.031170798477778563, -0.10116689346987452,
          -1.542847582627312 ]
   - !!opencv-matrix
      rows: 3
      cols: 1
      dt: d
      data: [ 0.21532787846533372, 0.44630571126746171,
          -1.4924091648732072 ]
   - !!opencv-matrix
      rows: 3
      cols: 1
      dt: d
      data: [ -0.39148681548286374, -0.40317280552507873,
          -1.5233982562494079 ]
   - !!opencv-matrix
      rows: 3
      cols: 1
      dt: d
      data: [ 0.015891930484120863, 0.007853858164023635,
          -1.5702889645333951 ]
   - !!opencv-matrix
      rows: 3
      cols: 1
      dt: d
      data: [ -0.045468189616501724, 0.71417781828195259,
          1.6214967677747922 ]
   - !!opencv-matrix
      rows: 3
      cols: 1
      dt: d
      data: [ 0.041908547749009803, 0.26477912665005021,
          1.5217159367244399 ]
   - !!opencv-matrix
      rows: 3
      cols: 1
      dt: d
      data: [ 0.026212553991573007, -0.017035926198215246,
          -1.5384165823923159 ]
   - !!opencv-matrix
      rows: 3
      cols: 1
      dt: d
      data: [ 0.19716240330988133, -0.23704486233334987,
          -1.5892009381233581 ]
   - !!opencv-matrix
      rows: 3
      cols: 1
      dt: d
      data: [ 0.072036267786822317, 0.018500621628266753,
          -1.563212843403017 ]
   - !!opencv-matrix
      rows: 3
      cols: 1
      dt: d
      data: [ 0.66048689948001094, 0.30151490165258721,
          -1.4573839619431659 ]
   - !!opencv-matrix
      rows: 3
      cols: 1
      dt: d
      data: [ 0.28139079171719983, -0.22452241413606525,
          1.5506682265487277 ]
   - !!opencv-matrix
      rows: 3
      cols: 1
      dt: d
      data: [ 0.067762285086201815, 0.20800840371535589,
          -1.5364867699341123 ]
   - !!opencv-matrix
      rows: 3
      cols: 1
      dt: d
      data: [ 0.051769723768887693, -0.037944094206893299,
          -1.5826616333682657 ]
   - !!opencv-matrix
      rows: 3
      cols: 1
      dt: d
      data: [ -0.32023520608035483, 0.45134112529277515,
          1.5256828665314341 ]
