%YAML:1.0
---
camera_matrix: !!opencv-matrix
   rows: 3
   cols: 3
   dt: d
   data: [ 670.01806548509762, 0., 317.66601357894751, 0.,
       669.94159434242374, 240.92716032130417, 0., 0., 1. ]
distortion_coefficients: !!opencv-matrix
   rows: 1
   cols: 5
   dt: d
   data: [ -0.39286324283774415, 0.51222165511188311,
       0.00047251779295002524, 0.0018431203277825784,
       -0.69554470922913003 ]
image_width: 640
image_height: 480
