%YAML:1.0
---
camera_matrix: !!opencv-matrix
   rows: 3
   cols: 3
   dt: d
   data: [ 664.83203548552171, 0., 326.54493305873615, 0.,
       665.0701485007728, 231.69158343838254, 0., 0., 1. ]
distortion_coefficients: !!opencv-matrix
   rows: 1
   cols: 5
   dt: d
   data: [ -0.40839780401390763, 0.69763122149481904,
       0.0022105677265493668, 0.0046341901525818827, -1.4501307417181404 ]
image_width: 640
image_height: 480
