%YAML:1.0
---
camera_matrix_left: !!opencv-matrix
   rows: 3
   cols: 3
   dt: d
   data: [ 664.83203548552171, 0., 326.54493305873615, 0.,
       665.0701485007728, 231.69158343838254, 0., 0., 1. ]
distortion_coefficients_left: !!opencv-matrix
   rows: 1
   cols: 5
   dt: d
   data: [ -0.40839780401390763, 0.69763122149481904,
       0.0022105677265493668, 0.0046341901525818827, -1.4501307417181404 ]
camera_matrix_right: !!opencv-matrix
   rows: 3
   cols: 3
   dt: d
   data: [ 670.01806548509762, 0., 317.66601357894751, 0.,
       669.94159434242374, 240.92716032130417, 0., 0., 1. ]
distortion_coefficients_right: !!opencv-matrix
   rows: 1
   cols: 5
   dt: d
   data: [ -0.39286324283774415, 0.51222165511188311,
       0.00047251779295002524, 0.0018431203277825784,
       -0.69554470922913003 ]
rotation_matrix: !!opencv-matrix
   rows: 3
   cols: 3
   dt: d
   data: [ 0.99996976660504888, 0.0018549403079136349,
       -0.007551494706220312, -0.0018752276641692731,
       0.99999464963039986, -0.002680341728454258, 0.0075464824290215095,
       0.002694421464403106, 0.99996789483258941 ]
translation_vector: !!opencv-matrix
   rows: 3
   cols: 1
   dt: d
   data: [ -109.83077353372026, -0.050848178399496152,
       2.2242486981702583 ]
essential_matrix: !!opencv-matrix
   rows: 3
   cols: 3
   dt: d
   data: [ 0.0037872478059618113, -2.2243738040409458,
       -0.044884799310050308, 3.0530174542189576, 0.30005624222631289,
       109.81045099607958, 0.25680434599397872, -109.83009157815269,
       0.29400002562083521 ]
fundamental_matrix: !!opencv-matrix
   rows: 3
   cols: 3
   dt: d
   data: [ -1.0252115978593312e-08, 6.0192453064099366e-06,
       -0.0013104812269588446, -8.2654907694935506e-06,
       -8.1205698648524448e-07, -0.19476195838292637,
       0.0015288602925216119, 0.19741602920009077, 0.99999999999999989 ]
rectification_transform_left: !!opencv-matrix
   rows: 3
   cols: 3
   dt: d
   data: [ 0.99961100016497917, 0.002262875669807385,
       -0.027797980913601403, -0.0023004665788217038,
       0.99999648221461734, -0.0013203832436497966, 0.027794895263153596,
       0.0013838179408363323, 0.99961268941786496 ]
rectification_transform_right: !!opencv-matrix
   rows: 3
   cols: 3
   dt: d
   data: [ 0.9997948923358182, 0.00046287344987867808,
       -0.020247444465393998, -0.00043549237820099959,
       0.99999898484071326, 0.0013567107028659192, 0.020248051896376237,
       -0.0013476148233599408, 0.99979407896260797 ]
projection_matrix_left: !!opencv-matrix
   rows: 3
   cols: 4
   dt: d
   data: [ 667.50587142159827, 0., 299.17328262329102, 0., 0.,
       667.50587142159827, 224.47516632080078, 0., 0., 0., 1., 0. ]
projection_matrix_right: !!opencv-matrix
   rows: 3
   cols: 4
   dt: d
   data: [ 667.50587142159827, 0., 299.17328262329102,
       -73327.726275190231, 0., 667.50587142159827, 224.47516632080078,
       0., 0., 0., 1., 0. ]
disparity_to_depth_matrix: !!opencv-matrix
   rows: 4
   cols: 4
   dt: d
   data: [ 1., 0., 0., -299.17328262329102, 0., 1., 0.,
       -224.47516632080078, 0., 0., 0., 667.50587142159827, 0., 0.,
       0.0091030488101666775, 0. ]
image_width: 640
image_height: 480
