%YAML:1.0
---
cameraMatrixLeft: !!opencv-matrix
   rows: 3
   cols: 3
   dt: d
   data: [ 667.92133844257717, 0., 332.71115313019209, 0.,
       668.42495361674867, 233.13957338886226, 0., 0., 1. ]
distCoeffsLeft: !!opencv-matrix
   rows: 1
   cols: 5
   dt: d
   data: [ -0.36989786775291178, 0.32278766591756131,
       0.0011658302273781264, 0.0041940745031854212,
       -0.28748505813948416 ]
cameraMatrixRight: !!opencv-matrix
   rows: 3
   cols: 3
   dt: d
   data: [ 672.27276522385, 0., 318.3057530490571, 0.,
       672.78803902972913, 240.40699773762535, 0., 0., 1. ]
distCoeffsRight: !!opencv-matrix
   rows: 1
   cols: 5
   dt: d
   data: [ -0.37594172532217734, 0.44193368906484232,
       7.9635873441317325e-05, 0.002091191328520558,
       -0.59127632633167926 ]
R: !!opencv-matrix
   rows: 3
   cols: 3
   dt: d
   data: [ 0.99957965908342805, -0.0028413431180051218,
       -0.028851896227865687, 0.002883509367628558, 0.99999483451403093,
       0.0014199714724934323, 0.028847712567629406,
       -0.0015025693134300818, 0.99958268880822143 ]
T: !!opencv-matrix
   rows: 3
   cols: 1
   dt: d
   data: [ -62.872091647078342, -1.0577783535498844, -3.8959275742648982 ]
E: !!opencv-matrix
   rows: 3
   cols: 3
   dt: d
   data: [ -0.019280542247472103, 3.8974968352001316,
       -1.0518048247901701, -2.080573928136864, -0.083400008578679727,
       62.958259317667462, 0.87604146080047174, -62.874772393416329,
       -0.11979548784354775 ]
F: !!opencv-matrix
   rows: 3
   cols: 3
   dt: d
   data: [ 1.1713152812277514e-07, -2.365990520669357e-05,
       0.0097449971740054785, 1.2630047188277929e-05,
       5.0589522495691444e-07, -0.25959014476972597,
       -0.0066515069063420099, 0.26400504411164988, 0.99999999999999989 ]
