%YAML:1.0
---
camera_matrix_right: !!opencv-matrix
   rows: 3
   cols: 3
   dt: d
   data: [ 670.01806548509762, 0., 317.66601357894751, 0.,
       669.94159434242374, 240.92716032130417, 0., 0., 1. ]
distortion_coefficients_right: !!opencv-matrix
   rows: 1
   cols: 5
   dt: d
   data: [ -0.39286324283774415, 0.51222165511188311,
       0.00047251779295002524, 0.0018431203277825784,
       -0.69554470922913003 ]
camera_matrix_left: !!opencv-matrix
   rows: 3
   cols: 3
   dt: d
   data: [ 664.83203548552171, 0., 326.54493305873615, 0.,
       665.0701485007728, 231.69158343838254, 0., 0., 1. ]
distortion_coefficients_left: !!opencv-matrix
   rows: 1
   cols: 5
   dt: d
   data: [ -0.40839780401390763, 0.69763122149481904,
       0.0022105677265493668, 0.0046341901525818827, -1.4501307417181404 ]
rotation_matrix: !!opencv-matrix
   rows: 3
   cols: 3
   dt: d
   data: [ 0.9999707258009114, -0.001930962874161642,
       0.0074039802523305559, 0.0019134868596365684, 0.99999536861096994,
       0.0023667117797269346, -0.0074085159941981371,
       -0.0023524750772132451, 0.99996978941954773 ]
translation_vector: !!opencv-matrix
   rows: 3
   cols: 1
   dt: d
   data: [ 109.92097293171766, 0.50241113528947612, -3.0433570638615031 ]
essential_matrix: !!opencv-matrix
   rows: 3
   cols: 3
   dt: d
   data: [ 0.0021013028194257865, 3.0421610592167001,
       0.50959870617040959, -2.2289166859584668, 0.26446295878803167,
       -109.94018511092314, -0.29206409030256869, 109.92143398217925,
       0.25643141935230745 ]
fundamental_matrix: !!opencv-matrix
   rows: 3
   cols: 3
   dt: d
   data: [ -5.3427959548262686e-09, -7.7359155183319129e-06,
       0.00099733937308908054, 5.665239358713418e-06,
       -6.7226244536076747e-07, 0.18558884938200199,
       -0.00081713574882322573, -0.18315154670266756, 1. ]
rectification_transform_right: !!opencv-matrix
   rows: 3
   cols: 3
   dt: d
   data: [ 0.99979102517364937, 0.0027037417277723237,
       -0.0202631627070579, -0.0026797367879660651, 0.99999567536542866,
       0.0012117182789367169, 0.020266351249557005,
       -0.0011571651177731692, 0.9997939467589908 ]
rectification_transform_left: !!opencv-matrix
   rows: 3
   cols: 3
   dt: d
   data: [ 0.99960650821070163, 0.0045688591288665795,
       -0.02767587883101523, -0.0046016413260568058, 0.99998878414322101,
       -0.0011209303585338734, 0.027670447049420632,
       0.0012478437494051315, 0.9996163210182506 ]
projection_matrix_right: !!opencv-matrix
   rows: 3
   cols: 4
   dt: d
   data: [ 667.50587142159827, 0., 299.08662033081055, 0., 0.,
       667.50587142159827, 224.53983116149902, 0., 0., 0., 1., 0. ]
projection_matrix_left: !!opencv-matrix
   rows: 3
   cols: 4
   dt: d
   data: [ 667.50587142159827, 0., 299.08662033081055,
       73401.777821188647, 0., 667.50587142159827, 224.53983116149902,
       0., 0., 0., 1., 0. ]
disparity_to_depth_matrix: !!opencv-matrix
   rows: 4
   cols: 4
   dt: d
   data: [ 1., 0., 0., -299.08662033081055, 0., 1., 0.,
       -224.53983116149902, 0., 0., 0., 667.50587142159827, 0., 0.,
       -0.0090938651792288275, 0. ]
image_width: 640
image_height: 480
